chr1	230274000	230274500	0.970434728108237	0.0018568740067219
chr1	230274250	230274750	0.450344835935761	0.0378529990116905
chr1	230274500	230275000	0.134188330066565	0.0747221177106598
chr1	230274750	230275250	0.565897617892844	0.0285290118830189
chr1	230275000	230275500	0.395813959435968	-0.0423210283884118
chr1	230275250	230275750	0.413645339759778	-0.0408844414247395
chr1	230275500	230276000	0.936678701438248	-0.00389612555036234
chr1	230275750	230276250	0.386551055472852	0.0420008736060686
chr1	230276000	230276500	0.96869645903487	0.00191679499586995
chr1	230276250	230276750	0.834905276638397	-0.0102314013618147
chr1	230276500	230277000	0.230105742274346	0.0601137664023271
chr1	230276750	230277250	0.989840329876969	-0.000639038872768669
chr1	230277000	230277500	0.637875221088574	-0.0235886818858223
chr1	230277250	230277750	0.740213109421419	0.01661857774773
chr1	230277500	230278000	0.951666505007922	0.00304331969506832
chr1	230277750	230278250	0.204573660599713	-0.0635761162476798
chr1	230278000	230278500	0.0931001308815513	-0.0834128183319557
chr1	230278250	230278750	0.314320764853298	-0.050504180653747
chr1	230278500	230279000	0.61477950256475	-0.0251539488161251
chr1	230278750	230279250	0.108602704822108	-0.0799695334251952
chr1	230279000	230279500	0.00826519565435641	-0.130796671178936
chr1	230279250	230279750	0.000262206354655387	-0.181435370227779
chr1	230279500	230280000	2.52836618531567e-05	-0.206511800486011
chr1	230279750	230280250	0.000636750935153108	-0.167087538087965
chr1	230280000	230280500	0.000173510517244055	-0.185611212929959
chr1	230280250	230280750	0.000744761869654314	-0.166720190545878
chr1	230280500	230281000	0.0270435746936586	-0.109487984275424
chr1	230280750	230281250	0.555187539006796	-0.0290845247321995
chr1	230281000	230281500	0.168189522095009	0.0685408177923828
chr1	230281250	230281750	0.0446281125810297	0.100582081559227
chr1	230281500	230282000	0.731311444721153	0.0172034755426824
chr1	230281750	230282250	0.5593534856567	0.0291582530283843
chr1	230282000	230282500	0.865909329972919	0.00828742063388765
chr1	230282250	230282750	0.378784378131491	-0.0425861093438258
chr1	230282500	230283000	0.178137183912614	-0.0649275032358219
chr1	230282750	230283250	0.0842164212071159	-0.0833025004155386
chr1	230283000	230283500	0.116829704886633	-0.078185256362711
chr1	230283250	230283750	0.132765561307351	-0.0744898716684525
chr1	230283500	230284000	0.179743549705836	0.0653808976650415
chr1	230283750	230284250	0.11465638979229	0.0763553109307328
chr1	230284000	230284500	0.916028377945497	0.00520457763733625
chr1	230284250	230284750	0.747374638775782	-0.0160780765758339
chr1	230284500	230285000	0.533620553625862	0.0310682046301728
chr1	230284750	230285250	0.382652169956343	0.0436780420888381
chr1	230285000	230285500	0.0509084993051388	0.0978825260740341
chr1	230285250	230285750	0.000665133257393993	0.169065632139447
chr1	230285500	230286000	0.0871338140567917	0.0851296919694842
chr1	230285750	230286250	0.914678624297321	-0.00535566010209848
chr1	230286000	230286500	0.0165617096077416	-0.119830400090258
chr1	230286250	230286750	0.000514984854271763	-0.173563040361947
chr1	230286500	230287000	0.080482280655871	-0.0866002240198238
chr1	230286750	230287250	0.252944358437607	-0.056506148697428
chr1	230287000	230287500	0.0915579825362126	-0.0833225214335405
chr1	230287250	230287750	0.648737424047253	0.0228275476861776
chr1	230287500	230288000	0.0123547021675071	0.125330630773196
chr1	230287750	230288250	0.885398076913779	0.0071996859093589
chr1	230288000	230288500	0.634206256629077	-0.0236173813155354
chr1	230288250	230288750	0.345014966205232	-0.0469285603247985
chr1	230288500	230289000	0.667006019284922	0.021430133579846
chr1	230288750	230289250	0.155287680249691	0.0710495312279328
chr1	230289000	230289500	0.882369897828849	-0.00737000852769206
chr1	230289250	230289750	0.363290108231912	-0.0446992855654985
chr1	230289500	230290000	0.207510893521574	-0.0623604528724145
chr1	230289750	230290250	0.457871202980752	-0.0368305400335081
chr1	230290000	230290500	0.900153694302577	-0.00623995501631306
chr1	230290250	230290750	0.549599183457816	0.029382002470977
chr1	230290500	230291000	0.983641837347144	0.000989403717051873
chr1	230290750	230291250	0.733173531050699	-0.016513408579837
chr1	230291000	230291500	0.515512100060131	-0.0317885846262401
chr1	230291250	230291750	0.398548972283711	0.0423914253957767
chr1	230291500	230292000	9.28369612493954e-05	0.193290858930417
chr1	230291750	230292250	2.34676206095234e-05	0.208916478805903
chr1	230292000	230292500	0.00921294006245257	0.129681937012951
chr1	230292250	230292750	0.0859352932254515	0.0858067852860006
chr1	230292500	230293000	0.115445966912083	0.0784163105669731
chr1	230292750	230293250	0.34750956138141	0.0469716748832811
chr1	230293000	230293500	0.108902683973753	-0.0801351183993638
chr1	230293250	230293750	0.000512430830038437	-0.173342668657779
chr1	230293500	230294000	0.00166460248098095	-0.155037539619824
chr1	230293750	230294250	0.0298092430301271	-0.106869874729811
chr1	230294000	230294500	0.0639806819586247	-0.0917268499599129
chr1	230294250	230294750	1.79062342202916e-05	0.212863603681191
chr1	230294500	230295000	4.98217842963349e-21	0.457002641480179
chr1	230294750	230295250	2.87056669298652e-18	0.425742955015856
chr1	230295000	230295500	0.202184213909652	0.0637447181818414
chr1	230295250	230295750	0.00907041709118789	-0.129191106395411
chr1	230295500	230296000	0.49861412602314	-0.0337903836158783
chr1	230295750	230296250	0.800058972855998	0.0126872203133993
chr1	230296000	230296500	0.839078754259778	-0.01013191237548
chr1	230296250	230296750	0.558430318955502	-0.0291777911066555
chr1	230296500	230297000	0.208458737178576	0.0625242396569152
chr1	230296750	230297250	0.0197356439473901	0.114900663722402
chr1	230297000	230297500	0.159351206943157	0.0693995874236239
chr1	230297250	230297750	0.490582422378882	0.0342944656966473
chr1	230297500	230298000	1.29301122927821e-08	0.28315632880045
chr1	230297750	230298250	2.05991710518832e-11	0.331446986259496
chr1	230298000	230298500	7.50339745794756e-06	0.223083522441012
chr1	230298250	230298750	0.779719367771076	-0.0139671899229638
chr1	230298500	230299000	0.627620930375037	-0.0243095129575486
chr1	230298750	230299250	0.516042749876527	-0.0325971060108657
chr1	230299000	230299500	0.919180051785259	-0.0050759759419958
chr1	230299250	230299750	0.433932541691994	0.0392723080948588
chr1	230299500	230300000	0.373033798051384	0.0443187785222228
chr1	230299750	230300250	0.272586409443846	0.0539302778802577
chr1	230300000	230300500	0.384386673328529	0.0432303760087801
chr1	230300250	230300750	0.949426508164098	0.00316552091370394
chr1	230300500	230301000	0.240436724190196	-0.0582766589693794
chr1	230300750	230301250	0.787289799470573	-0.0134622700263938
chr1	230301000	230301500	0.812049790279065	-0.0119236031600376
chr1	230301250	230301750	0.757923549642815	-0.0154736987877757
chr1	230301500	230302000	0.660922161460501	0.0219183747191944
chr1	230301750	230302250	0.465809539592796	0.0365931687542019
chr1	230302000	230302500	0.908726913686626	-0.00575136764810383
chr1	230302250	230302750	0.223064550531598	-0.0610894356740888
chr1	230302500	230303000	0.79753495002972	-0.0128465455668017
chr1	230302750	230303250	0.764534009236748	0.0150100893510966
chr1	230303000	230303500	0.754426063891181	-0.0151615138448779
chr1	230303250	230303750	0.606323848097451	-0.0248048480766811
chr1	230303500	230304000	0.930738824796503	-0.00422551317884418
chr1	230303750	230304250	2.2430365372153e-15	0.390166315792332
chr1	230304000	230304500	1.36370131404417e-33	0.580100529958553
chr1	230304250	230304750	2.17402460645233e-34	0.586411324659244
chr1	230304500	230305000	0.433937455583074	0.0391180958222827
chr1	230304750	230305250	2.4551628967127e-12	0.343610133837273
chr1	230305000	230305500	3.56750297993749e-38	0.614865697118285
chr1	230305250	230305750	1.37400748521184e-24	0.497677166914792
chr1	230305500	230306000	0.287308413119996	0.0532817564254143
chr1	230305750	230306250	0.319547496584007	-0.0491650016644517
chr1	230306000	230306500	0.553234641305601	-0.0291457477892539
chr1	230306250	230306750	0.368648833540214	-0.0448805454614003
chr1	230306500	230307000	0.509197417770116	0.0331400925396817
chr1	230306750	230307250	0.40343620994746	0.0418972931405965
chr1	230307000	230307500	0.0233902585489762	-0.112670346629212
chr1	230307250	230307750	2.09880813167401e-05	-0.209736653179068
chr1	230307500	230308000	0.419179978680726	-0.0405230804538114
chr1	230307750	230308250	0.118325998399253	0.0783446144489573
chr1	230308000	230308500	0.349946362441015	0.0469244957816887
chr1	230308250	230308750	0.82903481309337	-0.0108352095500851
chr1	230308500	230309000	0.281235140240056	-0.053973596799404
chr1	230308750	230309250	0.301740695452456	-0.0517658198709444
chr1	230309000	230309500	5.1719844224683e-08	-0.268746531398203
chr1	230309250	230309750	1.05024521222662e-09	-0.301875708432363
chr1	230309500	230310000	1.69488008783613e-05	-0.21369667534927
chr1	230309750	230310250	0.179654506665332	-0.0655136742888095
chr1	230310000	230310500	0.155900152681862	-0.0692241347705117
chr1	230310250	230310750	0.563340536196147	-0.028764550258168
chr1	230310500	230311000	0.777265528713566	-0.0140966495353911
chr1	230310750	230311250	0.874179387937796	-0.00791123561605615
chr1	230311000	230311500	0.450284757927299	-0.0375528771634997
chr1	230311250	230311750	0.00527421695496147	-0.139034284608212
chr1	230311500	230312000	3.13892490326313e-05	-0.207405178182421
chr1	230311750	230312250	0.00179595490132351	-0.15554755420738
chr1	230312000	230312500	0.00541792073464951	0.138775511091544
chr1	230312250	230312750	2.13892617675939e-12	0.347340817705992
chr1	230312500	230313000	4.94614264290101e-11	0.321914199404694
chr1	230312750	230313250	0.000504282495726661	0.171770154043035
chr1	230313000	230313500	0.0168200245476033	0.118221298402851
chr1	230313250	230313750	0.000572522506565089	0.172375387683234
chr1	230313500	230314000	1.87226646333439e-05	0.211781294385227
chr1	230313750	230314250	0.0205901554806081	0.115453191693885
chr1	230314000	230314500	0.000970730225494353	-0.164324541913434
chr1	230314250	230314750	2.35748313885128e-05	-0.206989497988022
chr1	230314500	230315000	0.00172448410273328	-0.152883466760879
chr1	230314750	230315250	0.101478732954302	-0.0804222090304758
chr1	230315000	230315500	0.917089982912977	-0.00518651451520182
chr1	230315250	230315750	0.674752007751648	-0.0208676319637426
chr1	230315500	230316000	0.00140391288209568	-0.160097488873204
chr1	230315750	230316250	0.00246456861034307	-0.151771686026098
chr1	230316000	230316500	0.656422385516669	-0.0223237428754312
chr1	230316250	230316750	0.109218796861555	0.0800851630524139
chr1	230316500	230317000	0.97266377252805	-0.00170100426087405
chr1	230316750	230317250	0.638456251788396	-0.0234765643261209
chr1	230317000	230317500	0.950106089959096	0.00313283816091571
chr1	230317250	230317750	0.735971562453479	0.0168867269253239
chr1	230317500	230318000	0.336721606399364	0.0479599024855932
chr1	230317750	230318250	0.193730940426409	0.0647338534579031
chr1	230318000	230318500	0.422068642687036	0.0397961805538151
chr1	230318250	230318750	0.585644535802891	-0.0268553793975366
chr1	230318500	230319000	0.51228615334498	0.03253342646693
chr1	230318750	230319250	0.166972891694399	0.0686089103703939
chr1	230319000	230319500	0.508629343108219	0.0330928313970605
chr1	230319250	230319750	0.563289718102587	-0.0287862880745919
chr1	230319500	230320000	0.414261178351879	-0.0404848370568173
chr1	230319750	230320250	0.0177011648369262	-0.118516647481449
chr1	230320000	230320500	0.00011260446955232	-0.192549018848239
chr1	230320250	230320750	1.0633641737543e-05	-0.218981895838216
chr1	230320500	230321000	6.64647418678935e-10	-0.299789703314712
chr1	230320750	230321250	1.35799598948067e-08	-0.276631111260356
chr1	230321000	230321500	2.46786479712514e-06	-0.231586695339321
chr1	230321250	230321750	0.117389074383788	-0.078257517776339
chr1	230321500	230322000	0.113471982375676	0.0792199917780175
chr1	230321750	230322250	0.350285887860022	0.0468312577588081
chr1	230322000	230322500	0.341958871281515	-0.0475363121256026
chr1	230322250	230322750	0.0505229451793284	-0.0954356793127641
chr1	230322500	230323000	0.15140171764902	-0.0704417113109197
chr1	230322750	230323250	0.525752677521796	-0.0318325242620337
chr1	230323000	230323500	0.400565243114985	-0.0420937427691019
chr1	230323250	230323750	0.0058837055018761	-0.138027186013588
chr1	230323500	230324000	0.00125091271109906	-0.161386818727165
chr1	230323750	230324250	0.0771366787821207	-0.0880183403524458
chr1	230324000	230324500	0.935148655646646	-0.00404094509940927
chr1	230324250	230324750	0.291840854736209	-0.0517699975628112
chr1	230324500	230325000	0.146787728571683	-0.0706680696923395
chr1	230324750	230325250	0.192027203812929	-0.0638455897776461
chr1	230325000	230325500	0.987787223240363	-0.000754083679087984
chr1	230325250	230325750	0.686961620095276	-0.0200976383565336
chr1	230325500	230326000	0.353373060360482	-0.0464069661440136
chr1	230325750	230326250	0.671852035335921	-0.0212056945658392
chr1	230326000	230326500	0.610696919783979	0.0255911330266921
chr1	230326250	230326750	0.506075904244419	0.0330362490413172
